0.002777777777777778 0.19722222222222222 0.002777777777777778 0.002777777777777778 0.002777777777777778 0.002777777777777778 0.002777777777777778 0.002777777777777778 0.002777777777777778 0.002777777777777778 0.002777777777777778 0.002777777777777778 0.002777777777777778 0.058333333333333334 0.08611111111111111 0.002777777777777778 0.5583333333333333 0.058333333333333334 0.002777777777777778 0.002777777777777778 
0.002 0.002 0.002 0.002 0.002 0.002 0.002 0.002 0.042 0.002 0.002 0.20199999999999999 0.142 0.002 0.122 0.042 0.42200000000000004 0.002 0.002 0.002 
0.002631578947368421 0.002631578947368421 0.002631578947368421 0.002631578947368421 0.002631578947368421 0.002631578947368421 0.2921052631578947 0.002631578947368421 0.002631578947368421 0.002631578947368421 0.002631578947368421 0.002631578947368421 0.002631578947368421 0.002631578947368421 0.002631578947368421 0.002631578947368421 0.6605263157894737 0.002631578947368421 0.002631578947368421 0.002631578947368421 
0.02391304347826087 0.002173913043478261 0.002173913043478261 0.04565217391304348 0.002173913043478261 0.002173913043478261 0.002173913043478261 0.002173913043478261 0.002173913043478261 0.02391304347826087 0.06739130434782609 0.1760869565217391 0.002173913043478261 0.002173913043478261 0.02391304347826087 0.002173913043478261 0.6108695652173913 0.002173913043478261 0.002173913043478261 0.002173913043478261 
0.002272727272727273 0.002272727272727273 0.1159090909090909 0.1159090909090909 0.002272727272727273 0.002272727272727273 0.1159090909090909 0.002272727272727273 0.002272727272727273 0.002272727272727273 0.09318181818181817 0.04772727272727273 0.002272727272727273 0.002272727272727273 0.002272727272727273 0.002272727272727273 0.47954545454545455 0.002272727272727273 0.002272727272727273 0.002272727272727273 
0.04583333333333334 0.004166666666666667 0.04583333333333334 0.004166666666666667 0.12916666666666668 0.004166666666666667 0.004166666666666667 0.004166666666666667 0.04583333333333334 0.004166666666666667 0.004166666666666667 0.004166666666666667 0.004166666666666667 0.004166666666666667 0.004166666666666667 0.004166666666666667 0.6708333333333334 0.004166666666666667 0.004166666666666667 0.004166666666666667 
0.0016129032258064516 0.0016129032258064516 0.0016129032258064516 0.03387096774193549 0.0016129032258064516 0.03387096774193549 0.0016129032258064516 0.0016129032258064516 0.0016129032258064516 0.0016129032258064516 0.3080645161290323 0.0016129032258064516 0.0016129032258064516 0.0016129032258064516 0.0016129032258064516 0.0016129032258064516 0.582258064516129 0.0016129032258064516 0.0016129032258064516 0.017741935483870968 
0.002173913043478261 0.002173913043478261 0.002173913043478261 0.002173913043478261 0.002173913043478261 0.002173913043478261 0.002173913043478261 0.002173913043478261 0.002173913043478261 0.002173913043478261 0.002173913043478261 0.19782608695652174 0.06739130434782609 0.002173913043478261 0.002173913043478261 0.002173913043478261 0.5673913043478261 0.1108695652173913 0.02391304347826087 0.002173913043478261 
0.002702702702702703 0.002702702702702703 0.002702702702702703 0.02972972972972973 0.4621621621621622 0.02972972972972973 0.08378378378378379 0.02972972972972973 0.002702702702702703 0.002702702702702703 0.002702702702702703 0.002702702702702703 0.16486486486486485 0.002702702702702703 0.002702702702702703 0.002702702702702703 0.16486486486486485 0.002702702702702703 0.002702702702702703 0.002702702702702703 
0.004 0.004 0.004 0.004 0.004 0.004 0.004 0.004 0.004 0.004 0.004 0.004 0.004 0.004 0.044000000000000004 0.004 0.884 0.004 0.004 0.004 
0.22499999999999998 0.002777777777777778 0.002777777777777778 0.002777777777777778 0.08611111111111111 0.002777777777777778 0.14166666666666666 0.002777777777777778 0.002777777777777778 0.002777777777777778 0.002777777777777778 0.11388888888888887 0.002777777777777778 0.002777777777777778 0.002777777777777778 0.030555555555555558 0.30833333333333335 0.058333333333333334 0.002777777777777778 0.002777777777777778 
0.14852941176470588 0.0014705882352941176 0.0014705882352941176 0.016176470588235296 0.0014705882352941176 0.08970588235294118 0.0014705882352941176 0.0014705882352941176 0.04558823529411765 0.0014705882352941176 0.030882352941176472 0.16323529411764706 0.075 0.0014705882352941176 0.0014705882352941176 0.0014705882352941176 0.3985294117647059 0.016176470588235296 0.0014705882352941176 0.0014705882352941176 
0.14677419354838708 0.0016129032258064516 0.0016129032258064516 0.13064516129032258 0.0016129032258064516 0.0016129032258064516 0.017741935483870968 0.017741935483870968 0.0016129032258064516 0.0016129032258064516 0.03387096774193549 0.0016129032258064516 0.0016129032258064516 0.19516129032258064 0.017741935483870968 0.0016129032258064516 0.37258064516129036 0.0016129032258064516 0.05 0.0016129032258064516 
0.002564102564102564 0.002564102564102564 0.002564102564102564 0.002564102564102564 0.002564102564102564 0.002564102564102564 0.002564102564102564 0.002564102564102564 0.002564102564102564 0.002564102564102564 0.10512820512820512 0.1564102564102564 0.002564102564102564 0.002564102564102564 0.002564102564102564 0.02820512820512821 0.5153846153846154 0.002564102564102564 0.1564102564102564 0.002564102564102564 
0.002272727272727273 0.002272727272727273 0.002272727272727273 0.002272727272727273 0.002272727272727273 0.002272727272727273 0.09318181818181817 0.002272727272727273 0.002272727272727273 0.002272727272727273 0.002272727272727273 0.002272727272727273 0.07045454545454545 0.002272727272727273 0.025 0.002272727272727273 0.6840909090909091 0.09318181818181817 0.002272727272727273 0.002272727272727273 
0.002325581395348837 0.002325581395348837 0.002325581395348837 0.002325581395348837 0.025581395348837212 0.002325581395348837 0.002325581395348837 0.025581395348837212 0.002325581395348837 0.002325581395348837 0.002325581395348837 0.11860465116279069 0.002325581395348837 0.002325581395348837 0.002325581395348837 0.002325581395348837 0.7697674418604652 0.002325581395348837 0.025581395348837212 0.002325581395348837 
0.002631578947368421 0.002631578947368421 0.002631578947368421 0.002631578947368421 0.002631578947368421 0.05526315789473685 0.002631578947368421 0.002631578947368421 0.002631578947368421 0.002631578947368421 0.10789473684210525 0.002631578947368421 0.028947368421052635 0.002631578947368421 0.028947368421052635 0.002631578947368421 0.6868421052631579 0.002631578947368421 0.002631578947368421 0.05526315789473685 
0.0038461538461538464 0.0038461538461538464 0.0038461538461538464 0.0038461538461538464 0.0038461538461538464 0.0038461538461538464 0.04230769230769231 0.0038461538461538464 0.0038461538461538464 0.0038461538461538464 0.1576923076923077 0.0038461538461538464 0.0038461538461538464 0.0038461538461538464 0.0038461538461538464 0.0038461538461538464 0.7346153846153847 0.0038461538461538464 0.0038461538461538464 0.0038461538461538464 
0.06363636363636364 0.03333333333333333 0.0030303030303030303 0.0030303030303030303 0.0030303030303030303 0.0030303030303030303 0.0030303030303030303 0.0030303030303030303 0.0030303030303030303 0.0030303030303030303 0.12424242424242424 0.09393939393939395 0.0030303030303030303 0.0030303030303030303 0.0030303030303030303 0.06363636363636364 0.5787878787878789 0.0030303030303030303 0.0030303030303030303 0.0030303030303030303 
0.128125 0.065625 0.128125 0.003125 0.003125 0.003125 0.003125 0.003125 0.003125 0.003125 0.003125 0.128125 0.003125 0.159375 0.003125 0.003125 0.346875 0.003125 0.003125 0.003125 
0.027500000000000004 0.0025 0.0025 0.027500000000000004 0.0025 0.0025 0.1525 0.0025 0.0025 0.0025 0.0025 0.0025 0.0025 0.0025 0.0025 0.0775 0.6775 0.0025 0.0025 0.0025 
0.0038461538461538464 0.0038461538461538464 0.0038461538461538464 0.0038461538461538464 0.0038461538461538464 0.0038461538461538464 0.0038461538461538464 0.04230769230769231 0.0038461538461538464 0.0038461538461538464 0.0038461538461538464 0.0038461538461538464 0.23461538461538461 0.0038461538461538464 0.0038461538461538464 0.04230769230769231 0.5807692307692307 0.0038461538461538464 0.04230769230769231 0.0038461538461538464 
0.004166666666666667 0.004166666666666667 0.004166666666666667 0.12916666666666668 0.004166666666666667 0.004166666666666667 0.004166666666666667 0.004166666666666667 0.004166666666666667 0.004166666666666667 0.004166666666666667 0.004166666666666667 0.12916666666666668 0.004166666666666667 0.004166666666666667 0.004166666666666667 0.6708333333333334 0.004166666666666667 0.004166666666666667 0.004166666666666667 
0.002564102564102564 0.002564102564102564 0.002564102564102564 0.002564102564102564 0.05384615384615385 0.002564102564102564 0.002564102564102564 0.002564102564102564 0.002564102564102564 0.20769230769230768 0.002564102564102564 0.02820512820512821 0.002564102564102564 0.002564102564102564 0.002564102564102564 0.002564102564102564 0.5666666666666667 0.002564102564102564 0.002564102564102564 0.10512820512820512 
0.002325581395348837 0.002325581395348837 0.002325581395348837 0.002325581395348837 0.04883720930232558 0.025581395348837212 0.002325581395348837 0.002325581395348837 0.002325581395348837 0.025581395348837212 0.002325581395348837 0.002325581395348837 0.002325581395348837 0.002325581395348837 0.002325581395348837 0.002325581395348837 0.6069767441860465 0.002325581395348837 0.25813953488372093 0.002325581395348837 
0.0024390243902439024 0.0024390243902439024 0.0024390243902439024 0.0024390243902439024 0.051219512195121955 0.02682926829268293 0.051219512195121955 0.0024390243902439024 0.0024390243902439024 0.0024390243902439024 0.0024390243902439024 0.051219512195121955 0.0024390243902439024 0.0024390243902439024 0.0024390243902439024 0.02682926829268293 0.7341463414634146 0.0024390243902439024 0.0024390243902439024 0.02682926829268293 
0.002325581395348837 0.002325581395348837 0.002325581395348837 0.002325581395348837 0.07209302325581396 0.002325581395348837 0.002325581395348837 0.002325581395348837 0.002325581395348837 0.002325581395348837 0.002325581395348837 0.002325581395348837 0.002325581395348837 0.002325581395348837 0.002325581395348837 0.002325581395348837 0.886046511627907 0.002325581395348837 0.002325581395348837 0.002325581395348837 
0.002702702702702703 0.24594594594594593 0.002702702702702703 0.002702702702702703 0.002702702702702703 0.002702702702702703 0.02972972972972973 0.002702702702702703 0.002702702702702703 0.002702702702702703 0.002702702702702703 0.002702702702702703 0.05675675675675676 0.02972972972972973 0.002702702702702703 0.002702702702702703 0.5972972972972973 0.002702702702702703 0.002702702702702703 0.002702702702702703 
0.02291666666666667 0.0020833333333333333 0.0020833333333333333 0.0020833333333333333 0.02291666666666667 0.0020833333333333333 0.0020833333333333333 0.0020833333333333333 0.0020833333333333333 0.48125 0.14791666666666667 0.0020833333333333333 0.043750000000000004 0.0020833333333333333 0.0020833333333333333 0.0020833333333333333 0.21041666666666667 0.02291666666666667 0.0020833333333333333 0.02291666666666667 
0.002631578947368421 0.002631578947368421 0.002631578947368421 0.002631578947368421 0.2131578947368421 0.028947368421052635 0.002631578947368421 0.002631578947368421 0.002631578947368421 0.002631578947368421 0.10789473684210525 0.002631578947368421 0.002631578947368421 0.002631578947368421 0.002631578947368421 0.002631578947368421 0.5815789473684211 0.002631578947368421 0.002631578947368421 0.028947368421052635 
0.0014084507042253522 0.14225352112676057 0.0014084507042253522 0.0014084507042253522 0.015492957746478875 0.0014084507042253522 0.0014084507042253522 0.0014084507042253522 0.0014084507042253522 0.015492957746478875 0.0014084507042253522 0.0014084507042253522 0.0014084507042253522 0.0014084507042253522 0.18450704225352113 0.0014084507042253522 0.5788732394366197 0.0014084507042253522 0.029577464788732397 0.015492957746478875 
0.004347826086956522 0.004347826086956522 0.004347826086956522 0.004347826086956522 0.004347826086956522 0.004347826086956522 0.004347826086956522 0.004347826086956522 0.004347826086956522 0.13478260869565217 0.004347826086956522 0.004347826086956522 0.004347826086956522 0.004347826086956522 0.004347826086956522 0.004347826086956522 0.7869565217391304 0.004347826086956522 0.004347826086956522 0.004347826086956522 
0.003703703703703704 0.07777777777777778 0.040740740740740744 0.003703703703703704 0.003703703703703704 0.040740740740740744 0.003703703703703704 0.003703703703703704 0.003703703703703704 0.003703703703703704 0.003703703703703704 0.15185185185185185 0.003703703703703704 0.003703703703703704 0.003703703703703704 0.003703703703703704 0.6333333333333334 0.003703703703703704 0.003703703703703704 0.003703703703703704 
0.018965517241379314 0.001724137931034483 0.08793103448275862 0.001724137931034483 0.001724137931034483 0.001724137931034483 0.001724137931034483 0.001724137931034483 0.001724137931034483 0.10517241379310344 0.018965517241379314 0.1396551724137931 0.001724137931034483 0.001724137931034483 0.001724137931034483 0.001724137931034483 0.6051724137931035 0.001724137931034483 0.001724137931034483 0.001724137931034483 
0.004166666666666667 0.004166666666666667 0.04583333333333334 0.004166666666666667 0.004166666666666667 0.004166666666666667 0.04583333333333334 0.04583333333333334 0.004166666666666667 0.004166666666666667 0.004166666666666667 0.46249999999999997 0.004166666666666667 0.004166666666666667 0.004166666666666667 0.004166666666666667 0.33749999999999997 0.004166666666666667 0.004166666666666667 0.004166666666666667 
0.0029411764705882353 0.0029411764705882353 0.0029411764705882353 0.0029411764705882353 0.0029411764705882353 0.0029411764705882353 0.0029411764705882353 0.0029411764705882353 0.0029411764705882353 0.12058823529411763 0.0029411764705882353 0.0029411764705882353 0.0029411764705882353 0.0029411764705882353 0.03235294117647059 0.0029411764705882353 0.7970588235294118 0.0029411764705882353 0.0029411764705882353 0.0029411764705882353 
0.003703703703703704 0.003703703703703704 0.003703703703703704 0.07777777777777778 0.003703703703703704 0.003703703703703704 0.003703703703703704 0.003703703703703704 0.003703703703703704 0.003703703703703704 0.003703703703703704 0.44814814814814813 0.003703703703703704 0.003703703703703704 0.003703703703703704 0.003703703703703704 0.4111111111111111 0.003703703703703704 0.003703703703703704 0.003703703703703704 
0.00625 0.00625 0.00625 0.00625 0.06875 0.06875 0.00625 0.00625 0.00625 0.00625 0.00625 0.13125 0.00625 0.06875 0.00625 0.00625 0.56875 0.00625 0.00625 0.00625 
0.004166666666666667 0.004166666666666667 0.004166666666666667 0.004166666666666667 0.004166666666666667 0.004166666666666667 0.004166666666666667 0.004166666666666667 0.004166666666666667 0.004166666666666667 0.004166666666666667 0.33749999999999997 0.004166666666666667 0.004166666666666667 0.004166666666666667 0.004166666666666667 0.5458333333333333 0.004166666666666667 0.004166666666666667 0.04583333333333334 
0.005555555555555556 0.005555555555555556 0.061111111111111116 0.005555555555555556 0.005555555555555556 0.005555555555555556 0.005555555555555556 0.005555555555555556 0.005555555555555556 0.005555555555555556 0.005555555555555556 0.2833333333333333 0.005555555555555556 0.005555555555555556 0.005555555555555556 0.005555555555555556 0.5611111111111111 0.005555555555555556 0.005555555555555556 0.005555555555555556 
0.004347826086956522 0.004347826086956522 0.004347826086956522 0.004347826086956522 0.004347826086956522 0.004347826086956522 0.004347826086956522 0.04782608695652174 0.004347826086956522 0.004347826086956522 0.04782608695652174 0.2217391304347826 0.004347826086956522 0.004347826086956522 0.004347826086956522 0.004347826086956522 0.6130434782608696 0.004347826086956522 0.004347826086956522 0.004347826086956522 
0.003448275862068966 0.003448275862068966 0.003448275862068966 0.003448275862068966 0.003448275862068966 0.003448275862068966 0.003448275862068966 0.003448275862068966 0.003448275862068966 0.003448275862068966 0.003448275862068966 0.38275862068965516 0.003448275862068966 0.003448275862068966 0.003448275862068966 0.003448275862068966 0.5551724137931034 0.003448275862068966 0.003448275862068966 0.003448275862068966 
0.0018181818181818182 0.0018181818181818182 0.0018181818181818182 0.0018181818181818182 0.0018181818181818182 0.0018181818181818182 0.0018181818181818182 0.0018181818181818182 0.02 0.0018181818181818182 0.02 0.0018181818181818182 0.07454545454545454 0.0018181818181818182 0.038181818181818185 0.0018181818181818182 0.8018181818181819 0.0018181818181818182 0.0018181818181818182 0.02 
0.0020408163265306124 0.04285714285714286 0.0020408163265306124 0.0020408163265306124 0.0020408163265306124 0.0020408163265306124 0.0020408163265306124 0.0020408163265306124 0.0020408163265306124 0.0020408163265306124 0.0020408163265306124 0.3285714285714286 0.0020408163265306124 0.0020408163265306124 0.022448979591836737 0.0020408163265306124 0.553061224489796 0.0020408163265306124 0.0020408163265306124 0.022448979591836737 
0.003125 0.003125 0.003125 0.096875 0.003125 0.003125 0.003125 0.003125 0.003125 0.003125 0.284375 0.003125 0.003125 0.003125 0.003125 0.003125 0.565625 0.003125 0.003125 0.003125 
0.002631578947368421 0.002631578947368421 0.002631578947368421 0.002631578947368421 0.028947368421052635 0.002631578947368421 0.002631578947368421 0.002631578947368421 0.002631578947368421 0.05526315789473685 0.002631578947368421 0.028947368421052635 0.002631578947368421 0.002631578947368421 0.028947368421052635 0.002631578947368421 0.8184210526315789 0.002631578947368421 0.002631578947368421 0.002631578947368421 
0.003448275862068966 0.003448275862068966 0.003448275862068966 0.003448275862068966 0.003448275862068966 0.003448275862068966 0.003448275862068966 0.003448275862068966 0.003448275862068966 0.07241379310344828 0.003448275862068966 0.003448275862068966 0.003448275862068966 0.003448275862068966 0.003448275862068966 0.003448275862068966 0.8655172413793104 0.003448275862068966 0.003448275862068966 0.003448275862068966 
0.0038461538461538464 0.0038461538461538464 0.0038461538461538464 0.0038461538461538464 0.0038461538461538464 0.0038461538461538464 0.0038461538461538464 0.0038461538461538464 0.0038461538461538464 0.0038461538461538464 0.0038461538461538464 0.08076923076923077 0.0038461538461538464 0.0038461538461538464 0.0038461538461538464 0.0038461538461538464 0.7730769230769231 0.0038461538461538464 0.08076923076923077 0.0038461538461538464 
7.518796992481203E-4 7.518796992481203E-4 0.008270676691729324 0.09849624060150376 7.518796992481203E-4 7.518796992481203E-4 0.015789473684210527 7.518796992481203E-4 7.518796992481203E-4 7.518796992481203E-4 7.518796992481203E-4 0.08345864661654136 0.02330827067669173 7.518796992481203E-4 0.008270676691729324 7.518796992481203E-4 0.7526315789473684 7.518796992481203E-4 7.518796992481203E-4 7.518796992481203E-4 
7.407407407407408E-4 7.407407407407408E-4 7.407407407407408E-4 7.407407407407408E-4 0.05259259259259259 7.407407407407408E-4 7.407407407407408E-4 0.05259259259259259 7.407407407407408E-4 7.407407407407408E-4 7.407407407407408E-4 0.00814814814814815 0.11185185185185186 7.407407407407408E-4 7.407407407407408E-4 7.407407407407408E-4 0.7414814814814814 7.407407407407408E-4 0.00814814814814815 0.015555555555555557 
9.708737864077671E-4 0.010679611650485438 0.14660194174757282 0.030097087378640777 9.708737864077671E-4 9.708737864077671E-4 9.708737864077671E-4 0.12718446601941746 9.708737864077671E-4 9.708737864077671E-4 0.020388349514563107 0.04951456310679611 9.708737864077671E-4 9.708737864077671E-4 9.708737864077671E-4 9.708737864077671E-4 0.6029126213592233 9.708737864077671E-4 9.708737864077671E-4 9.708737864077671E-4 
0.0011235955056179776 0.0011235955056179776 0.0011235955056179776 0.0011235955056179776 0.0011235955056179776 0.0797752808988764 0.0011235955056179776 0.0011235955056179776 0.0011235955056179776 0.19213483146067417 0.02359550561797753 0.0011235955056179776 0.0011235955056179776 0.0011235955056179776 0.0011235955056179776 0.0011235955056179776 0.6528089887640449 0.0011235955056179776 0.0348314606741573 0.0011235955056179776 
0.00125 0.00125 0.00125 0.00125 0.00125 0.00125 0.00125 0.00125 0.00125 0.00125 0.00125 0.00125 0.00125 0.00125 0.10124999999999999 0.00125 0.87625 0.00125 0.00125 0.00125 
0.001 0.001 0.001 0.001 0.001 0.001 0.001 0.001 0.001 0.001 0.10099999999999999 0.021 0.001 0.001 0.001 0.001 0.861 0.001 0.001 0.001 
9.708737864077671E-4 9.708737864077671E-4 9.708737864077671E-4 0.24368932038834953 9.708737864077671E-4 0.23398058252427187 9.708737864077671E-4 9.708737864077671E-4 9.708737864077671E-4 9.708737864077671E-4 0.039805825242718446 9.708737864077671E-4 9.708737864077671E-4 0.010679611650485438 9.708737864077671E-4 9.708737864077671E-4 0.45728155339805826 9.708737864077671E-4 9.708737864077671E-4 9.708737864077671E-4 
9.345794392523365E-4 0.05700934579439252 9.345794392523365E-4 9.345794392523365E-4 9.345794392523365E-4 0.13177570093457944 9.345794392523365E-4 9.345794392523365E-4 9.345794392523365E-4 9.345794392523365E-4 9.345794392523365E-4 9.345794392523365E-4 0.13177570093457944 0.02897196261682243 9.345794392523365E-4 9.345794392523365E-4 0.6271028037383177 9.345794392523365E-4 0.010280373831775701 9.345794392523365E-4 
0.002857142857142857 0.002857142857142857 0.002857142857142857 0.002857142857142857 0.002857142857142857 0.002857142857142857 0.20285714285714285 0.002857142857142857 0.002857142857142857 0.002857142857142857 0.002857142857142857 0.002857142857142857 0.3742857142857143 0.002857142857142857 0.060000000000000005 0.002857142857142857 0.3171428571428571 0.002857142857142857 0.002857142857142857 0.002857142857142857 
0.0024390243902439024 0.0024390243902439024 0.0024390243902439024 0.0024390243902439024 0.0024390243902439024 0.0024390243902439024 0.051219512195121955 0.0024390243902439024 0.0024390243902439024 0.0024390243902439024 0.0024390243902439024 0.0024390243902439024 0.09999999999999999 0.0024390243902439024 0.0024390243902439024 0.0024390243902439024 0.8073170731707318 0.0024390243902439024 0.0024390243902439024 0.0024390243902439024 
0.002564102564102564 0.002564102564102564 0.02820512820512821 0.002564102564102564 0.10512820512820512 0.002564102564102564 0.002564102564102564 0.002564102564102564 0.002564102564102564 0.002564102564102564 0.002564102564102564 0.002564102564102564 0.002564102564102564 0.002564102564102564 0.02820512820512821 0.002564102564102564 0.7974358974358975 0.002564102564102564 0.002564102564102564 0.002564102564102564 
0.003448275862068966 0.003448275862068966 0.003448275862068966 0.003448275862068966 0.003448275862068966 0.03793103448275863 0.10689655172413794 0.03793103448275863 0.003448275862068966 0.003448275862068966 0.003448275862068966 0.003448275862068966 0.003448275862068966 0.10689655172413794 0.17586206896551723 0.003448275862068966 0.4862068965517241 0.003448275862068966 0.003448275862068966 0.003448275862068966 
0.002380952380952381 0.002380952380952381 0.002380952380952381 0.002380952380952381 0.002380952380952381 0.002380952380952381 0.002380952380952381 0.002380952380952381 0.002380952380952381 0.002380952380952381 0.002380952380952381 0.002380952380952381 0.05 0.002380952380952381 0.002380952380952381 0.002380952380952381 0.8833333333333334 0.002380952380952381 0.002380952380952381 0.02619047619047619 
0.0025 0.0025 0.0025 0.0025 0.0775 0.0025 0.0025 0.0025 0.0025 0.0025 0.0025 0.0025 0.0025 0.0025 0.027500000000000004 0.0025 0.8275 0.0025 0.027500000000000004 0.0025 
0.003125 0.003125 0.003125 0.065625 0.003125 0.003125 0.003125 0.003125 0.003125 0.003125 0.003125 0.003125 0.003125 0.003125 0.003125 0.003125 0.878125 0.003125 0.003125 0.003125 
0.002 0.002 0.002 0.002 0.002 0.002 0.002 0.002 0.002 0.002 0.002 0.002 0.002 0.002 0.002 0.002 0.922 0.002 0.002 0.042 
0.002272727272727273 0.002272727272727273 0.025 0.002272727272727273 0.002272727272727273 0.002272727272727273 0.002272727272727273 0.20681818181818182 0.002272727272727273 0.025 0.025 0.002272727272727273 0.002272727272727273 0.002272727272727273 0.002272727272727273 0.025 0.6613636363636364 0.002272727272727273 0.002272727272727273 0.002272727272727273 
0.002 0.002 0.002 0.002 0.002 0.022000000000000002 0.102 0.102 0.002 0.002 0.122 0.002 0.002 0.022000000000000002 0.002 0.002 0.602 0.002 0.002 0.002 
0.002325581395348837 0.002325581395348837 0.002325581395348837 0.002325581395348837 0.002325581395348837 0.002325581395348837 0.002325581395348837 0.002325581395348837 0.002325581395348837 0.002325581395348837 0.002325581395348837 0.32790697674418606 0.002325581395348837 0.002325581395348837 0.002325581395348837 0.002325581395348837 0.5604651162790698 0.002325581395348837 0.002325581395348837 0.07209302325581396 
0.0033333333333333335 0.13666666666666666 0.0033333333333333335 0.0033333333333333335 0.0033333333333333335 0.0033333333333333335 0.0033333333333333335 0.03666666666666667 0.03666666666666667 0.0033333333333333335 0.0033333333333333335 0.4033333333333333 0.0033333333333333335 0.0033333333333333335 0.0033333333333333335 0.03666666666666667 0.30333333333333334 0.0033333333333333335 0.0033333333333333335 0.0033333333333333335 
0.002631578947368421 0.002631578947368421 0.002631578947368421 0.002631578947368421 0.002631578947368421 0.002631578947368421 0.002631578947368421 0.002631578947368421 0.002631578947368421 0.002631578947368421 0.05526315789473685 0.10789473684210525 0.002631578947368421 0.002631578947368421 0.002631578947368421 0.002631578947368421 0.5815789473684211 0.002631578947368421 0.16052631578947368 0.05526315789473685 
0.001282051282051282 0.001282051282051282 0.001282051282051282 0.001282051282051282 0.001282051282051282 0.001282051282051282 0.0782051282051282 0.014102564102564105 0.001282051282051282 0.001282051282051282 0.001282051282051282 0.1935897435897436 0.026923076923076925 0.001282051282051282 0.001282051282051282 0.001282051282051282 0.6294871794871795 0.001282051282051282 0.026923076923076925 0.014102564102564105 
0.0014285714285714286 0.0014285714285714286 0.0014285714285714286 0.0014285714285714286 0.0014285714285714286 0.0014285714285714286 0.0014285714285714286 0.0014285714285714286 0.0014285714285714286 0.0014285714285714286 0.10142857142857142 0.0014285714285714286 0.0014285714285714286 0.0014285714285714286 0.17285714285714285 0.0014285714285714286 0.5728571428571428 0.0014285714285714286 0.13 0.0014285714285714286 
0.002702702702702703 0.002702702702702703 0.002702702702702703 0.002702702702702703 0.002702702702702703 0.002702702702702703 0.13783783783783782 0.002702702702702703 0.002702702702702703 0.002702702702702703 0.08378378378378379 0.27297297297297296 0.002702702702702703 0.002702702702702703 0.002702702702702703 0.002702702702702703 0.4621621621621622 0.002702702702702703 0.002702702702702703 0.002702702702702703 
0.0018867924528301887 0.03962264150943397 0.0018867924528301887 0.0018867924528301887 0.0018867924528301887 0.0018867924528301887 0.03962264150943397 0.0018867924528301887 0.0018867924528301887 0.0018867924528301887 0.0018867924528301887 0.2849056603773585 0.0018867924528301887 0.0018867924528301887 0.0018867924528301887 0.0018867924528301887 0.5867924528301887 0.020754716981132078 0.0018867924528301887 0.0018867924528301887 
0.001724137931034483 0.001724137931034483 0.001724137931034483 0.03620689655172414 0.001724137931034483 0.08793103448275862 0.001724137931034483 0.001724137931034483 0.001724137931034483 0.001724137931034483 0.10517241379310344 0.20862068965517241 0.08793103448275862 0.001724137931034483 0.001724137931034483 0.018965517241379314 0.34655172413793106 0.001724137931034483 0.08793103448275862 0.001724137931034483 
0.0022222222222222222 0.0022222222222222222 0.0022222222222222222 0.0022222222222222222 0.0022222222222222222 0.0022222222222222222 0.0022222222222222222 0.0022222222222222222 0.0022222222222222222 0.0022222222222222222 0.0022222222222222222 0.18 0.0022222222222222222 0.0022222222222222222 0.0022222222222222222 0.0022222222222222222 0.6911111111111111 0.0022222222222222222 0.0911111111111111 0.0022222222222222222 
0.0018867924528301887 0.0018867924528301887 0.0018867924528301887 0.0018867924528301887 0.1339622641509434 0.0018867924528301887 0.0018867924528301887 0.0018867924528301887 0.0018867924528301887 0.0018867924528301887 0.0018867924528301887 0.19056603773584904 0.0018867924528301887 0.0018867924528301887 0.0018867924528301887 0.0018867924528301887 0.530188679245283 0.0018867924528301887 0.1150943396226415 0.0018867924528301887 
0.002702702702702703 0.002702702702702703 0.002702702702702703 0.002702702702702703 0.002702702702702703 0.002702702702702703 0.002702702702702703 0.002702702702702703 0.002702702702702703 0.002702702702702703 0.002702702702702703 0.24594594594594593 0.002702702702702703 0.002702702702702703 0.002702702702702703 0.002702702702702703 0.5432432432432432 0.002702702702702703 0.16486486486486485 0.002702702702702703 
0.002173913043478261 0.002173913043478261 0.002173913043478261 0.04565217391304348 0.002173913043478261 0.002173913043478261 0.002173913043478261 0.002173913043478261 0.002173913043478261 0.002173913043478261 0.002173913043478261 0.26304347826086955 0.002173913043478261 0.002173913043478261 0.002173913043478261 0.002173913043478261 0.6326086956521739 0.002173913043478261 0.002173913043478261 0.02391304347826087 
0.060000000000000005 0.1457142857142857 0.002857142857142857 0.002857142857142857 0.002857142857142857 0.002857142857142857 0.002857142857142857 0.002857142857142857 0.002857142857142857 0.002857142857142857 0.002857142857142857 0.17428571428571427 0.002857142857142857 0.002857142857142857 0.002857142857142857 0.002857142857142857 0.5171428571428572 0.060000000000000005 0.002857142857142857 0.002857142857142857 
0.0019230769230769232 0.0019230769230769232 0.0019230769230769232 0.175 0.0019230769230769232 0.175 0.0019230769230769232 0.05961538461538462 0.0019230769230769232 0.0019230769230769232 0.0019230769230769232 0.0019230769230769232 0.13653846153846153 0.021153846153846155 0.0019230769230769232 0.0019230769230769232 0.40576923076923077 0.0019230769230769232 0.0019230769230769232 0.0019230769230769232 
0.0013513513513513514 0.014864864864864866 0.0013513513513513514 0.0013513513513513514 0.0013513513513513514 0.0013513513513513514 0.08243243243243242 0.0013513513513513514 0.0013513513513513514 0.0013513513513513514 0.09594594594594594 0.40675675675675677 0.0013513513513513514 0.0013513513513513514 0.0013513513513513514 0.02837837837837838 0.3391891891891892 0.0013513513513513514 0.014864864864864866 0.0013513513513513514 
0.0012195121951219512 0.0012195121951219512 0.12317073170731707 0.025609756097560978 0.0012195121951219512 0.0012195121951219512 0.0012195121951219512 0.0012195121951219512 0.025609756097560978 0.0012195121951219512 0.013414634146341465 0.09878048780487804 0.0012195121951219512 0.0012195121951219512 0.0012195121951219512 0.0012195121951219512 0.6475609756097561 0.049999999999999996 0.0012195121951219512 0.0012195121951219512 
0.002631578947368421 0.002631578947368421 0.002631578947368421 0.13421052631578947 0.002631578947368421 0.2131578947368421 0.002631578947368421 0.002631578947368421 0.002631578947368421 0.002631578947368421 0.028947368421052635 0.002631578947368421 0.002631578947368421 0.002631578947368421 0.002631578947368421 0.002631578947368421 0.5815789473684211 0.002631578947368421 0.002631578947368421 0.002631578947368421 
0.001724137931034483 0.17413793103448275 0.018965517241379314 0.001724137931034483 0.001724137931034483 0.07068965517241378 0.001724137931034483 0.001724137931034483 0.001724137931034483 0.08793103448275862 0.001724137931034483 0.001724137931034483 0.001724137931034483 0.001724137931034483 0.001724137931034483 0.001724137931034483 0.6224137931034484 0.001724137931034483 0.001724137931034483 0.001724137931034483 
0.002857142857142857 0.03142857142857143 0.002857142857142857 0.002857142857142857 0.002857142857142857 0.002857142857142857 0.002857142857142857 0.002857142857142857 0.002857142857142857 0.060000000000000005 0.002857142857142857 0.002857142857142857 0.11714285714285713 0.002857142857142857 0.002857142857142857 0.002857142857142857 0.7457142857142858 0.002857142857142857 0.002857142857142857 0.002857142857142857 
0.02619047619047619 0.02619047619047619 0.002380952380952381 0.002380952380952381 0.002380952380952381 0.002380952380952381 0.002380952380952381 0.002380952380952381 0.002380952380952381 0.002380952380952381 0.002380952380952381 0.002380952380952381 0.002380952380952381 0.002380952380952381 0.002380952380952381 0.002380952380952381 0.6690476190476191 0.02619047619047619 0.07380952380952381 0.14523809523809522 
0.002777777777777778 0.002777777777777778 0.002777777777777778 0.030555555555555558 0.002777777777777778 0.002777777777777778 0.11388888888888887 0.002777777777777778 0.002777777777777778 0.002777777777777778 0.002777777777777778 0.002777777777777778 0.002777777777777778 0.002777777777777778 0.002777777777777778 0.002777777777777778 0.8083333333333333 0.002777777777777778 0.002777777777777778 0.002777777777777778 
0.05526315789473685 0.002631578947368421 0.002631578947368421 0.002631578947368421 0.002631578947368421 0.002631578947368421 0.002631578947368421 0.002631578947368421 0.002631578947368421 0.002631578947368421 0.002631578947368421 0.002631578947368421 0.002631578947368421 0.002631578947368421 0.028947368421052635 0.002631578947368421 0.8710526315789474 0.002631578947368421 0.002631578947368421 0.002631578947368421 
0.003125 0.034375 0.003125 0.003125 0.003125 0.003125 0.003125 0.003125 0.003125 0.003125 0.065625 0.003125 0.003125 0.003125 0.003125 0.003125 0.784375 0.003125 0.003125 0.065625 
0.030555555555555558 0.002777777777777778 0.002777777777777778 0.28055555555555556 0.002777777777777778 0.002777777777777778 0.058333333333333334 0.058333333333333334 0.002777777777777778 0.002777777777777778 0.14166666666666666 0.08611111111111111 0.002777777777777778 0.058333333333333334 0.002777777777777778 0.002777777777777778 0.25277777777777777 0.002777777777777778 0.002777777777777778 0.002777777777777778 
0.002272727272727273 0.25227272727272726 0.04772727272727273 0.002272727272727273 0.002272727272727273 0.002272727272727273 0.002272727272727273 0.002272727272727273 0.002272727272727273 0.002272727272727273 0.002272727272727273 0.18409090909090908 0.002272727272727273 0.002272727272727273 0.002272727272727273 0.002272727272727273 0.45681818181818185 0.025 0.002272727272727273 0.002272727272727273 
0.003703703703703704 0.040740740740740744 0.003703703703703704 0.003703703703703704 0.3 0.003703703703703704 0.003703703703703704 0.003703703703703704 0.003703703703703704 0.003703703703703704 0.003703703703703704 0.003703703703703704 0.003703703703703704 0.003703703703703704 0.003703703703703704 0.003703703703703704 0.44814814814814813 0.003703703703703704 0.003703703703703704 0.15185185185185185 
0.05675675675675676 0.002702702702702703 0.002702702702702703 0.08378378378378379 0.002702702702702703 0.002702702702702703 0.002702702702702703 0.002702702702702703 0.002702702702702703 0.002702702702702703 0.002702702702702703 0.002702702702702703 0.13783783783783782 0.002702702702702703 0.002702702702702703 0.02972972972972973 0.5162162162162163 0.002702702702702703 0.002702702702702703 0.13783783783783782 
0.0025 0.0025 0.0025 0.0025 0.0025 0.0025 0.0025 0.027500000000000004 0.0025 0.0025 0.27749999999999997 0.0025 0.0025 0.0025 0.027500000000000004 0.0025 0.5525 0.0025 0.027500000000000004 0.052500000000000005 
0.0025 0.0025 0.0025 0.1775 0.0025 0.0025 0.22749999999999998 0.0025 0.0025 0.0025 0.0025 0.052500000000000005 0.4025 0.0025 0.0025 0.027500000000000004 0.0775 0.0025 0.0025 0.0025 
0.004347826086956522 0.2652173913043478 0.004347826086956522 0.004347826086956522 0.004347826086956522 0.004347826086956522 0.004347826086956522 0.004347826086956522 0.004347826086956522 0.004347826086956522 0.004347826086956522 0.004347826086956522 0.2652173913043478 0.004347826086956522 0.004347826086956522 0.004347826086956522 0.39565217391304347 0.004347826086956522 0.004347826086956522 0.004347826086956522 
0.005263157894736842 0.05789473684210527 0.005263157894736842 0.005263157894736842 0.005263157894736842 0.005263157894736842 0.005263157894736842 0.005263157894736842 0.005263157894736842 0.005263157894736842 0.005263157894736842 0.26842105263157895 0.005263157894736842 0.005263157894736842 0.005263157894736842 0.05789473684210527 0.4789473684210526 0.05789473684210527 0.005263157894736842 0.005263157894736842 
0.005263157894736842 0.005263157894736842 0.05789473684210527 0.005263157894736842 0.005263157894736842 0.005263157894736842 0.005263157894736842 0.005263157894736842 0.005263157894736842 0.005263157894736842 0.005263157894736842 0.1631578947368421 0.005263157894736842 0.005263157894736842 0.1105263157894737 0.005263157894736842 0.32105263157894737 0.1105263157894737 0.005263157894736842 0.1631578947368421 
0.205 0.005 0.005 0.005 0.005 0.005 0.10500000000000001 0.005 0.005 0.005 0.005 0.205 0.005 0.005 0.005 0.05500000000000001 0.305 0.05500000000000001 0.005 0.005 
0.0017857142857142859 0.0017857142857142859 0.05535714285714286 0.0375 0.0017857142857142859 0.0017857142857142859 0.0017857142857142859 0.0017857142857142859 0.019642857142857146 0.1982142857142857 0.09107142857142857 0.0732142857142857 0.0017857142857142859 0.0375 0.0017857142857142859 0.0017857142857142859 0.44821428571428573 0.0017857142857142859 0.0017857142857142859 0.019642857142857146 
0.0015873015873015873 0.0015873015873015873 0.09682539682539681 0.0015873015873015873 0.0015873015873015873 0.0015873015873015873 0.0015873015873015873 0.19206349206349205 0.01746031746031746 0.0015873015873015873 0.0015873015873015873 0.20793650793650792 0.0015873015873015873 0.0015873015873015873 0.09682539682539681 0.0015873015873015873 0.27142857142857146 0.0015873015873015873 0.09682539682539681 0.0015873015873015873 
0.0016949152542372883 0.05254237288135594 0.01864406779661017 0.0016949152542372883 0.0016949152542372883 0.0016949152542372883 0.0016949152542372883 0.0016949152542372883 0.0016949152542372883 0.0016949152542372883 0.08644067796610169 0.13728813559322034 0.0016949152542372883 0.0016949152542372883 0.01864406779661017 0.0016949152542372883 0.6627118644067796 0.0016949152542372883 0.0016949152542372883 0.0016949152542372883 
0.002380952380952381 0.002380952380952381 0.002380952380952381 0.002380952380952381 0.002380952380952381 0.02619047619047619 0.12142857142857141 0.002380952380952381 0.002380952380952381 0.002380952380952381 0.002380952380952381 0.002380952380952381 0.16904761904761903 0.002380952380952381 0.19285714285714284 0.002380952380952381 0.4547619047619048 0.002380952380952381 0.002380952380952381 0.002380952380952381 
0.0024390243902439024 0.0024390243902439024 0.0024390243902439024 0.14878048780487804 0.0024390243902439024 0.0024390243902439024 0.0024390243902439024 0.0024390243902439024 0.0024390243902439024 0.0024390243902439024 0.0024390243902439024 0.0024390243902439024 0.0024390243902439024 0.0024390243902439024 0.0024390243902439024 0.07560975609756097 0.7341463414634146 0.0024390243902439024 0.0024390243902439024 0.0024390243902439024 
0.02391304347826087 0.002173913043478261 0.002173913043478261 0.002173913043478261 0.002173913043478261 0.002173913043478261 0.06739130434782609 0.002173913043478261 0.002173913043478261 0.0891304347826087 0.002173913043478261 0.19782608695652174 0.002173913043478261 0.002173913043478261 0.002173913043478261 0.002173913043478261 0.5891304347826087 0.002173913043478261 0.002173913043478261 0.002173913043478261 
0.096875 0.065625 0.284375 0.096875 0.003125 0.003125 0.034375 0.003125 0.003125 0.003125 0.003125 0.034375 0.065625 0.003125 0.003125 0.003125 0.284375 0.003125 0.003125 0.003125 
